{"fl_x": 634.3189239501953, "fl_y": 634.3189239501953, "cx": 200, "cy": 200, "h": 400, "w": 400, "frames": [{"transform_matrix": [[-0.6850337300422048, 0.6778808636215115, -0.2668451300665195, -0.07324898988008499], [-4.350734181451084e-08, 0.3662881874457811, 0.930501458213625, 0.2554226517677307], [0.728511351115727, 0.6374248963395125, -0.2509197338235872, -0.06887747347354889], [0.0, 0.0, 0.0, 1.0]], "file_path": "images/0.png"}, {"transform_matrix": [[0.9407525184005875, 0.09701506932115947, -0.3249196446008811, -0.08919044584035873], [-2.6542618112701637e-08, 0.9581995278018566, 0.28610079503611685, 0.07853467017412186], [0.33909393849337904, -0.2691500348224191, 0.9014286214848842, 0.24744215607643127], [0.0, 0.0, 0.0, 1.0]], "file_path": "images/1.png"}, {"transform_matrix": [[0.6616665049719238, 0.5345491707404907, 0.5257895208720813, 0.1443292498588562], [-1.4867525943431365e-08, 0.7012413249849612, -0.7129239820158498, -0.195697620511055], [-0.7497982636671272, 0.4717179116739047, 0.46398790459210393, 0.12736468017101288], [0.0, 0.0, 0.0, 1.0]], "file_path": "images/2.png"}, {"transform_matrix": [[0.4422380557112448, 0.8026732285757378, -0.40017644884293174, -0.10984842479228973], [-8.85669933033329e-09, 0.44617847488839346, 0.8949440030226848, 0.2456621378660202], [0.8968977099317056, -0.39577829232294803, 0.19731710834388697, 0.054163508117198944], [0.0, 0.0, 0.0, 1.0]], "file_path": "images/3.png"}, {"transform_matrix": [[-0.8904186056059086, -0.28895108381676504, 0.3516560506403187, 0.09652957320213318], [4.328503139752824e-08, 0.7726283887439443, 0.6348585455886488, 0.1742686629295349], [-0.45514251261646355, 0.5652898761414828, -0.6879626800496661, -0.18884576857089996], [0.0, 0.0, 0.0, 1.0]], "file_path": "images/4.png"}, {"transform_matrix": [[-0.7112499014958136, -0.17821895850211147, -0.6799717497459863, -0.18665221333503723], [1.0953647277374722e-07, 0.9673264623556255, -0.2535340514142802, -0.06959507614374161], [0.7029392417714234, -0.18032614357594834, -0.6880108315432563, -0.1888590157032013], [0.0, 0.0, 0.0, 1.0]], "file_path": "images/5.png"}, {"transform_matrix": [[-0.8989579633938549, 0.08001448892512207, 0.43066490640963995, 0.11821755021810532], [-4.9999373436931986e-08, 0.9831748360234258, -0.18266702441958982, -0.05014210194349289], [-0.43803490734274814, -0.16420999778442555, -0.8838328442510319, -0.2426120936870575], [0.0, 0.0, 0.0, 1.0]], "file_path": "images/6.png"}, {"transform_matrix": [[0.9553504115384743, -0.18973920687103013, -0.22650524176985573, -0.0621756874024868], [6.863254404056544e-08, 0.7665796902795317, -0.6421491870670966, -0.17626993358135223], [0.295475195529614, 0.6134774745880163, 0.732352235607871, 0.2010307013988495], [0.0, 0.0, 0.0, 1.0]], "file_path": "images/7.png"}, {"transform_matrix": [[0.22253444692715174, -0.40685799773652626, -0.8859712126297626, -0.24319911003112793], [9.7604522594793e-09, 0.9087584891061414, -0.4173224274796691, -0.1145550012588501], [0.9749248278358835, 0.09286860694200473, 0.20223007173470722, 0.055512141436338425], [0.0, 0.0, 0.0, 1.0]], "file_path": "images/8.png"}, {"transform_matrix": [[0.48766036042471234, -0.4551455666534514, 0.7450032792049633, 0.2045034021139145], [5.489394016808699e-09, 0.8533502309844422, 0.5213380700455313, 0.14310728013515472], [-0.8730334317026124, -0.2542359070519111, 0.41614508370885794, 0.11423184722661972], [0.0, 0.0, 0.0, 1.0]], "file_path": "images/9.png"}, {"transform_matrix": [[-0.9762015700124923, -0.04072892582766925, -0.21300621893754487, -0.05847013741731644], [-1.9613538686023923e-08, 0.9822058514997707, -0.1878075218930536, -0.05155307799577713], [0.2168651532753584, -0.1833379935543487, -0.9588308951083715, -0.263199120759964], [0.0, 0.0, 0.0, 1.0]], "file_path": "images/10.png"}, {"transform_matrix": [[0.9400337408998214, 0.007278042345771445, 0.34100380653227386, 0.09360554814338684], [6.547943071084024e-08, 0.9997723122270189, -0.021338315402950392, -0.005857365671545267], [-0.3410814652980766, 0.02005875878147082, 0.9398197062342668, 0.25798049569129944], [0.0, 0.0, 0.0, 1.0]], "file_path": "images/11.png"}, {"transform_matrix": [[0.8132131076722504, -0.3350858902953196, 0.47581707371114135, 0.13061179220676422], [-3.4974538113454676e-08, 0.8176028253317135, 0.5757826152373814, 0.15805234014987946], [-0.5819660140506827, -0.4682339865223289, 0.6648853227101407, 0.18251101672649384], [0.0, 0.0, 0.0, 1.0]], "file_path": "images/12.png"}, {"transform_matrix": [[-0.5778801316477048, -0.07670840035429474, -0.8125086921146856, -0.22303365170955658], [1.224899460185054e-07, 0.9955730029886334, -0.09399146620933163, -0.02580064721405506], [0.816121653582857, -0.05431590039095524, -0.5753218486359644, -0.1579258292913437], [0.0, 0.0, 0.0, 1.0]], "file_path": "images/13.png"}, {"transform_matrix": [[-0.7544960225837097, 0.3526121354212354, 0.5535344920228893, 0.15194524824619293], [2.5316629344914955e-08, 0.8434109511239731, -0.5372689899148786, -0.14748035371303558], [-0.656304618226446, -0.4053673019347158, -0.6363502169535323, -0.17467808723449707], [0.0, 0.0, 0.0, 1.0]], "file_path": "images/14.png"}, {"transform_matrix": [[-0.9974987769003749, -0.0546168859914875, -0.044868539611278284, -0.012316402979195118], [2.2503617402253844e-08, 0.6347786186476665, -0.7726940567312265, -0.21210449934005737], [0.07068373279797469, -0.7707613775172918, -0.6331908944744794, -0.1738109290599823], [0.0, 0.0, 0.0, 1.0]], "file_path": "images/15.png"}, {"transform_matrix": [[-0.7930729495182324, -0.5297268774532417, -0.300707053535646, -0.08254408091306686], [1.3980468713079928e-09, 0.4936691639755843, -0.8696497895932868, -0.2387188822031021], [0.6091266672396239, -0.6896957241010606, -0.3915156592197336, -0.10747101157903671], [0.0, 0.0, 0.0, 1.0]], "file_path": "images/16.png"}, {"transform_matrix": [[0.16619610955624126, -0.9413155815925944, -0.29377513342583234, -0.08064127713441849], [-2.317937224429337e-08, 0.2979183637396273, -0.954591351598527, -0.2620353102684021], [0.9860927203708428, 0.1586493756612324, 0.04951285119978297, 0.0135912811383605], [0.0, 0.0, 0.0, 1.0]], "file_path": "images/17.png"}, {"transform_matrix": [[-0.2114805675506809, 0.7480470324489326, -0.629048175255908, -0.17267373204231262], [2.5244641409206706e-08, 0.64360510944832, 0.7653577353708624, 0.21009069681167603], [0.9773822023898537, 0.16185827237543818, -0.13610999270882793, -0.03736218437552452], [0.0, 0.0, 0.0, 1.0]], "file_path": "images/18.png"}, {"transform_matrix": [[-0.8617858451887921, 0.4437551731960463, -0.24577734495674403, -0.06746586412191391], [-1.0595414573832783e-07, 0.4845075890796214, 0.8747870575884407, 0.24012905359268188], [0.5072722711052007, 0.7538791298251994, -0.4175417351376652, -0.11461520195007324], [0.0, 0.0, 0.0, 1.0]], "file_path": "images/19.png"}, {"transform_matrix": [[0.5329666487041822, 0.7679920286961105, 0.3551546074996989, 0.09748995304107666], [-7.586245666774418e-08, 0.4197369451340898, -0.9076457992463228, -0.24914877116680145], [-0.8461362487029066, 0.4837449128918407, 0.2237058512472091, 0.061407238245010376], [0.0, 0.0, 0.0, 1.0]], "file_path": "images/20.png"}, {"transform_matrix": [[-0.9425523102119392, 0.2151607079556249, 0.25554062742775596, 0.07014591246843338], [-7.90976169459762e-08, 0.764957363642384, -0.6440809202338534, -0.1768002212047577], [-0.33405859143888306, -0.6070799795425048, -0.7210123132960641, -0.1979178637266159], [0.0, 0.0, 0.0, 1.0]], "file_path": "images/21.png"}, {"transform_matrix": [[-0.5629685032830133, 0.5573229597790103, 0.6102930302850001, 0.16752541065216064], [-1.242984940275687e-08, 0.7384259067268253, -0.6743346204034509, -0.1851048469543457], [-0.8264783507819695, -0.3796291595462999, -0.4157105205679622, -0.11411258578300476], [0.0, 0.0, 0.0, 1.0]], "file_path": "images/22.png"}, {"transform_matrix": [[-0.30855449569825544, 0.4752814157909211, 0.8239549132010642, 0.22617562115192413], [2.544892703320494e-08, 0.8662207128935502, -0.4996615620139189, -0.13715709745883942], [-0.9512066669154474, -0.15417280031823882, -0.2672763073256548, -0.07336734980344772], [0.0, 0.0, 0.0, 1.0]], "file_path": "images/23.png"}, {"transform_matrix": [[-0.08808196213000602, -0.07065501347793857, -0.9936042658009074, -0.27274438738822937], [-5.498153882233375e-08, 0.9974812458425071, -0.0709306999294156, -0.01947048120200634], [0.9961132304850313, -0.006247660595146123, -0.08786010920641231, -0.02411757782101631], [0.0, 0.0, 0.0, 1.0]], "file_path": "images/24.png"}, {"transform_matrix": [[0.5703693791814338, -0.006427723035649868, -0.821363169169864, -0.22546419501304626], [-5.709504358187414e-08, 0.9999693804841943, -0.00782547724125926, -0.0021480985451489687], [0.8213883194276519, 0.0044634594916614055, 0.5703519143802218, 0.15656159818172455], [0.0, 0.0, 0.0, 1.0]], "file_path": "images/25.png"}, {"transform_matrix": [[-0.9291991508018428, 0.28198260820302873, 0.23890321642906281, 0.06557895243167877], [1.0235157410974235e-07, 0.6464193740391523, -0.7629823018044523, -0.20943862199783325], [-0.36957940709558473, -0.708962482461412, -0.6006523622804028, -0.16487909853458405], [0.0, 0.0, 0.0, 1.0]], "file_path": "images/26.png"}, {"transform_matrix": [[0.048381920172285695, -0.8076090191653982, -0.5877302629294718, -0.16133195161819458], [-3.1853090524293403e-09, 0.5884193553140905, -0.8085559116670599, -0.22194859385490417], [0.9988289091733592, 0.03911948944520787, 0.02846885570414982, 0.007814706303179264], [0.0, 0.0, 0.0, 1.0]], "file_path": "images/27.png"}, {"transform_matrix": [[0.534681615754785, -0.7929577862716473, -0.29211901506923793, -0.08018667995929718], [6.355717892995851e-08, 0.3456810910626677, -0.9383520572161177, -0.25757765769958496], [0.8450535898828245, 0.5017195755328796, 0.18482937470342392, 0.05073559656739235], [0.0, 0.0, 0.0, 1.0]], "file_path": "images/28.png"}, {"transform_matrix": [[-0.991441784975566, 0.052691626623340954, 0.11944362472836295, 0.03278731182217598], [8.134965723811537e-09, 0.9149293963705428, -0.4036139240128295, -0.11079204827547073], [-0.13054955765709633, -0.4001597082926025, -0.9070992342928726, -0.2489987164735794], [0.0, 0.0, 0.0, 1.0]], "file_path": "images/29.png"}, {"transform_matrix": [[0.27482708625765295, 0.5985100267066249, 0.7524997146781941, 0.20656117796897888], [-1.536267610099107e-11, 0.7826361629928212, -0.6224794264679546, -0.1708705872297287], [-0.961493667508595, 0.17107420701996254, 0.21508961628438134, 0.05904212221503258], [0.0, 0.0, 0.0, 1.0]], "file_path": "images/30.png"}, {"transform_matrix": [[-0.8577007963143081, 0.32911581035200016, -0.39500902189462445, -0.10842999815940857], [3.0263939691694195e-08, 0.7682771464868063, 0.6401173534486388, 0.1757122427225113], [0.5141491456783729, 0.5490291518329756, -0.6589519302921591, -0.1808822602033615], [0.0, 0.0, 0.0, 1.0]], "file_path": "images/31.png"}, {"transform_matrix": [[-0.927707786869276, 0.12972023648299252, -0.3500441721110446, -0.09608709067106247], [1.1715218947757395e-08, 0.9376839775521965, 0.3474892203247348, 0.09538576751947403], [0.3733071954598651, 0.3223684514475458, -0.8698967291174289, -0.23878668248653412], [0.0, 0.0, 0.0, 1.0]], "file_path": "images/32.png"}, {"transform_matrix": [[0.9260507635052835, -0.09255382890092069, 0.36587398399867194, 0.10043243318796158], [3.906776673711356e-08, 0.9694620835187524, 0.2452412457550281, 0.06731872260570526], [-0.3773989711317186, -0.22710582858055112, 0.8977711062478351, 0.2464381605386734], [0.0, 0.0, 0.0, 1.0]], "file_path": "images/33.png"}, {"transform_matrix": [[0.9453634452298842, -0.05609602005332778, -0.32115602587723646, -0.08815731853246689], [-4.099610373729284e-08, 0.9850857519726401, -0.17206411961968215, -0.047231610864400864], [0.32601833755646614, 0.1626631420902554, 0.931264058032008, 0.2556319832801819], [0.0, 0.0, 0.0, 1.0]], "file_path": "images/34.png"}, {"transform_matrix": [[0.6266040700567352, -0.1373587716598272, 0.7671374760995827, 0.2105792611837387], [-7.28126891211333e-08, 0.9843453127085423, 0.17625068893118417, 0.048380810767412186], [-0.7793377569374712, -0.11043945489192614, 0.6167947692829807, 0.16931013762950897], [0.0, 0.0, 0.0, 1.0]], "file_path": "images/35.png"}, {"transform_matrix": [[-0.3986177695189391, 0.18105843969209656, -0.8990671361138776, -0.2467939257621765], [-5.1618339884580705e-08, 0.9803187393352563, 0.19742129902351396, 0.05419214069843292], [0.9171171538160997, 0.07869568428063772, -0.39077245994550197, -0.10726703703403473], [0.0, 0.0, 0.0, 1.0]], "file_path": "images/36.png"}, {"transform_matrix": [[-0.8147852436688323, -0.09113449204596438, -0.5725552471675073, -0.15716642141342163], [5.745103276168349e-08, 0.9875679373785498, -0.15719277674840304, -0.043149422854185104], [0.5797628883427415, -0.12807838779981817, -0.8046557772607372, -0.220878005027771], [0.0, 0.0, 0.0, 1.0]], "file_path": "images/37.png"}, {"transform_matrix": [[0.867208157950162, 0.4507634913000203, -0.21157099445742367, -0.058076269924640656], [-7.741595853541223e-08, 0.42488772683993176, 0.9052460547170529, 0.24849005043506622], [0.4979457910101066, -0.7850367472238557, 0.3684661378247766, 0.10114393383264542], [0.0, 0.0, 0.0, 1.0]], "file_path": "images/38.png"}, {"transform_matrix": [[-0.14182031031191758, -0.5309347471936057, -0.8354611264478397, -0.22933408617973328], [-1.3063060168240915e-08, 0.8439918440552482, -0.5363560078606571, -0.14722971618175507], [0.9898924181864568, -0.07606616455878071, -0.11969519216027542, -0.032856281846761703], [0.0, 0.0, 0.0, 1.0]], "file_path": "images/39.png"}, {"transform_matrix": [[-0.7618695070497794, -0.0807665538624017, 0.642675359730648, 0.1764143854379654], [1.0503472902372203e-07, 0.9921955330219714, 0.12469171685094105, 0.03422786667943001], [-0.6477305413732746, 0.09499888435364931, -0.7559235131571493, -0.20750100910663605], [0.0, 0.0, 0.0, 1.0]], "file_path": "images/40.png"}, {"transform_matrix": [[-0.00991798132089591, -0.23249548615327598, 0.9725469050718687, 0.2669641375541687], [-1.8614941159705636e-08, 0.9725947415902712, 0.23250692168396478, 0.0638231560587883], [-0.9999508156137071, 0.0023059812023371712, -0.009646180807783691, -0.002647876273840666], [0.0, 0.0, 0.0, 1.0]], "file_path": "images/41.png"}, {"transform_matrix": [[-0.9854624383059665, 0.05558651554118106, 0.16054258618213874, 0.04406893998384476], [-1.6053986180439758e-08, 0.9449604186381181, -0.3271846683560715, -0.08981221914291382], [-0.16989344510033091, -0.3224282036318517, -0.9312229973613615, -0.25562068819999695], [0.0, 0.0, 0.0, 1.0]], "file_path": "images/42.png"}, {"transform_matrix": [[0.9126635658754528, 0.18067969285477686, -0.3666061430382834, -0.10063338279724121], [8.177080138493493e-08, 0.8969798318898831, 0.4420714661486199, 0.12134861946105957], [0.4087116532758714, -0.4034625506446671, 0.8186407971166617, 0.2247169017791748], [0.0, 0.0, 0.0, 1.0]], "file_path": "images/43.png"}, {"transform_matrix": [[-0.6195103406865413, -0.492456334836886, 0.6113049125121328, 0.16780318319797516], [-4.4608483261988895e-08, 0.7787438077050304, 0.6273420773079619, 0.1722053736448288], [-0.784988495318526, 0.388644876770673, -0.48243986358660784, -0.1324297934770584], [0.0, 0.0, 0.0, 1.0]], "file_path": "images/44.png"}, {"transform_matrix": [[0.32790235722420535, -0.12445593509377167, -0.9364778504304008, -0.2570631504058838], [2.7421733382056858e-08, 0.9912843583459643, -0.13173959502984997, -0.036162521690130234], [0.9447116195574228, 0.04319769807020412, 0.32504448119392304, 0.08922473341226578], [0.0, 0.0, 0.0, 1.0]], "file_path": "images/45.png"}, {"transform_matrix": [[-0.9556366225072244, 0.2707148254657299, 0.1160695007142012, 0.03186110407114029], [8.138067646038429e-08, 0.3940596811788727, -0.9190848533564235, -0.2522887885570526], [-0.2945482061106093, -0.8783111356132658, -0.3765778848190073, -0.10337062180042267], [0.0, 0.0, 0.0, 1.0]], "file_path": "images/46.png"}, {"transform_matrix": [[0.18522895326727967, -0.9593483626045558, 0.21293415423427425, 0.05845044180750847], [-1.2530722050722302e-08, 0.21668377967984864, 0.9762418448436097, 0.26797837018966675], [-0.9826953927191822, -0.18082825772431854, 0.04013609767876854, 0.01101734396070242], [0.0, 0.0, 0.0, 1.0]], "file_path": "images/47.png"}, {"transform_matrix": [[0.1298635184275489, -0.6887393339984156, -0.7132836717499121, -0.19579637050628662], [-1.1373997788735592e-07, 0.719375419767247, -0.6946214835683417, -0.1906735897064209], [0.9915318787520675, 0.09020607096041781, 0.09342054474407303, 0.02564394287765026], [0.0, 0.0, 0.0, 1.0]], "file_path": "images/48.png"}, {"transform_matrix": [[-0.6866164511939182, -0.28837726352187865, 0.6673802535537766, 0.18319590389728546], [7.858337770349322e-08, 0.9179670136598979, 0.39665673047652056, 0.10888229310512543], [-0.7270198408227, 0.2723510890669654, -0.6302912305705785, -0.17301490902900696], [0.0, 0.0, 0.0, 1.0]], "file_path": "images/49.png"}, {"transform_matrix": [[0.9448590909563568, -0.03588460015765483, 0.3255051362246875, 0.08935115486383438], [1.0855517122760471e-08, 0.9939781001395405, 0.10957890510034135, 0.030079394578933716], [-0.3274771720855165, -0.10353662112757492, 0.9391692445179187, 0.25780194997787476], [0.0, 0.0, 0.0, 1.0]], "file_path": "images/50.png"}, {"transform_matrix": [[0.5577654091830324, -0.13565230294604314, -0.8188383241057537, -0.22477111220359802], [6.074202884821606e-08, 0.9865538166742072, -0.16343673640143155, -0.04486338794231415], [0.8299986435644824, 0.09115930841658273, 0.5502656014781675, 0.15104791522026062], [0.0, 0.0, 0.0, 1.0]], "file_path": "images/51.png"}, {"transform_matrix": [[0.8854416390579518, -0.055967042604637904, -0.46136839289710596, -0.12664563953876495], [-2.446878599899392e-08, 0.9927225651349485, -0.12042387085576967, -0.03305633366107941], [0.464750582379804, 0.10662832088136025, 0.8789978938334576, 0.24128492176532745], [0.0, 0.0, 0.0, 1.0]], "file_path": "images/52.png"}, {"transform_matrix": [[0.8926803944107776, -0.21018965923355704, -0.39867533230173685, -0.10943636298179626], [4.119918620361947e-08, 0.8845883346437089, -0.4663726816745043, -0.1280193030834198], [0.4506902633013248, 0.41632173299450914, 0.7896546721205616, 0.21676021814346313], [0.0, 0.0, 0.0, 1.0]], "file_path": "images/53.png"}, {"transform_matrix": [[0.8001735383366713, -0.5815353637455067, -0.14676147062207248, -0.04028600454330444], [6.61821514140667e-09, 0.24469685311362885, -0.9695996339089076, -0.26615509390830994], [0.599768545812276, 0.7758479688635325, 0.19579995062450725, 0.053747087717056274], [0.0, 0.0, 0.0, 1.0]], "file_path": "images/54.png"}, {"transform_matrix": [[0.8465387317375757, 0.04318502495923812, 0.5305725485618412, 0.14564216136932373], [3.118672317541458e-08, 0.9967039332279559, -0.0811250238084496, -0.022268828004598618], [-0.5323271321923544, 0.06867549131380475, 0.8437484822058476, 0.23160895705223083], [0.0, 0.0, 0.0, 1.0]], "file_path": "images/55.png"}, {"transform_matrix": [[-0.8244062813468765, -0.03286972829897286, -0.5650432410332562, -0.15510433912277222], [-5.273134923193539e-08, 0.9983122924756103, -0.0580738038369194, -0.01594127155840397], [0.5659984834571661, -0.04787637886937024, -0.8230149263959583, -0.22591762244701385], [0.0, 0.0, 0.0, 1.0]], "file_path": "images/56.png"}, {"transform_matrix": [[-0.8658607363946708, 0.35617747583011616, -0.351315799362006, -0.09643619507551193], [-5.184922668492758e-09, 0.7022311746582108, 0.711948999113103, 0.19543002545833588], [0.5002851038858525, 0.6164486864690655, -0.6080344001621004, -0.16690540313720703], [0.0, 0.0, 0.0, 1.0]], "file_path": "images/57.png"}, {"transform_matrix": [[-0.9919079948801127, 0.05065228947062936, 0.11641681693079489, 0.03195641189813614], [-3.479005750606991e-08, 0.9169654185495089, -0.3989666918231686, -0.10951630026102066], [-0.12695877162651434, -0.3957382553604186, -0.9095453279256505, -0.24967022240161896], [0.0, 0.0, 0.0, 1.0]], "file_path": "images/58.png"}, {"transform_matrix": [[-0.9438352128618496, 0.3069507079794492, -0.1222961726013616, -0.033570319414138794], [6.178592129482739e-08, 0.370127434249671, 0.9289809914178825, 0.25500527024269104], [0.3304165415986665, 0.8768049642233273, -0.34933932465628076, -0.09589365124702454], [0.0, 0.0, 0.0, 1.0]], "file_path": "images/59.png"}, {"transform_matrix": [[-0.23911781641826005, 0.3541542541241634, -0.9041003451813968, -0.24817554652690887], [-3.081823636705586e-08, 0.9311113605563025, 0.3647350192166777, 0.10011975467205048], [0.9709905611649179, 0.08721466922914223, -0.22264530446404882, -0.06111616641283035], [0.0, 0.0, 0.0, 1.0]], "file_path": "images/60.png"}, {"transform_matrix": [[-0.5041197618183189, -0.36346080175993445, 0.7834280511497321, 0.21505102515220642], [1.9383507139842924e-08, 0.9071299505635486, 0.4208506300227834, 0.11552350223064423], [-0.863633756718808, 0.21215913455375818, -0.45730212757121425, -0.12552937865257263], [0.0, 0.0, 0.0, 1.0]], "file_path": "images/61.png"}, {"transform_matrix": [[0.6622211260672521, -0.08954944827146402, 0.7439382208923647, 0.2042110413312912], [3.880654376849548e-08, 0.9928330664227778, 0.1195094231328328, 0.032805342227220535], [-0.7493084679824584, -0.0791416358930011, 0.6574750347183995, 0.18047688901424408], [0.0, 0.0, 0.0, 1.0]], "file_path": "images/62.png"}, {"transform_matrix": [[-0.29387971204571656, 0.21295308752783304, 0.9318184894926105, 0.25578418374061584], [-2.5082312856086792e-08, 0.9748662300754016, -0.22279100847784242, -0.06115613505244255], [-0.9558424110950123, -0.06547378079000597, -0.2864934016362962, -0.07864242047071457], [0.0, 0.0, 0.0, 1.0]], "file_path": "images/63.png"}, {"transform_matrix": [[-0.6878483864535617, 0.5595597398266912, 0.46233915561881384, 0.12691210210323334], [4.370958756120691e-08, 0.6369585751479265, -0.7708980305757188, -0.21161150932312012], [-0.7258543912199128, -0.5302609462430827, -0.4381309526113863, -0.12026695162057877], [0.0, 0.0, 0.0, 1.0]], "file_path": "images/64.png"}, {"transform_matrix": [[0.2492695035294797, -0.9098365418964556, -0.3317562081409565, -0.09106706827878952], [-1.2074197343599e-08, 0.3425697072328047, -0.9394924138525175, -0.2578906714916229], [0.9684341560530412, 0.23418681157641946, 0.08539216986061443, 0.023440150544047356], [0.0, 0.0, 0.0, 1.0]], "file_path": "images/65.png"}, {"transform_matrix": [[-0.7752717423385362, 0.23795453684160864, -0.5850909022774717, -0.16060742735862732], [-3.196851688631104e-09, 0.9263222206083724, 0.3767321908294721, 0.10341296344995499], [0.6316278378375754, 0.2920698238498276, -0.7181514411772493, -0.19713260233402252], [0.0, 0.0, 0.0, 1.0]], "file_path": "images/66.png"}, {"transform_matrix": [[0.8533305202634236, -0.36805357327400157, 0.3692744106855961, 0.10136580467224121], [-2.7114928743862324e-08, 0.7082765773593638, 0.7059350465617249, 0.19377918541431427], [-0.5213703320931815, -0.6023959305675501, 0.6043940102687164, 0.1659061461687088], [0.0, 0.0, 0.0, 1.0]], "file_path": "images/67.png"}, {"transform_matrix": [[-0.9460797107468132, -0.14160415726650058, 0.2913442011746082, 0.07997394353151321], [-1.393047428745144e-07, 0.8993941227358615, 0.43713866448550476, 0.11999450623989105], [-0.3239339144226905, 0.41356798066706546, -0.8508985512114583, -0.23357169330120087], [0.0, 0.0, 0.0, 1.0]], "file_path": "images/68.png"}, {"transform_matrix": [[0.9999999364269061, 8.11242879881214e-05, -0.00034722475925458296, -9.531517571303993e-05], [3.0916033563807953e-09, 0.973773925365718, 0.22751778453088162, 0.06245362013578415], [0.00035657563507824285, -0.2275177700679456, 0.9737738634596462, 0.26730093359947205], [0.0, 0.0, 0.0, 1.0]], "file_path": "images/69.png"}, {"transform_matrix": [[0.563153473062492, -0.2109795426748023, -0.7989654550419464, -0.2193160057067871], [-8.692712272953915e-08, 0.9668581039059508, -0.2553143296240581, -0.07008377462625504], [0.8263523254506189, 0.1437812209021784, 0.5444894808334072, 0.14946237206459045], [0.0, 0.0, 0.0, 1.0]], "file_path": "images/70.png"}, {"transform_matrix": [[-0.9598625964014798, -0.21831904511525077, -0.1760698457129297, -0.04833115637302399], [5.796071156422344e-08, 0.6277654743412808, -0.7784025367540007, -0.2136714905500412], [0.28047066875059573, -0.7471594901793269, -0.6025685854785011, -0.16540509462356567], [0.0, 0.0, 0.0, 1.0]], "file_path": "images/71.png"}, {"transform_matrix": [[-0.9968037345099181, -0.010005186912023161, -0.0792604005915667, -0.021756913512945175], [-5.2260929030517195e-08, 0.9921268102304132, -0.1252373443587107, -0.034377571195364], [0.07988939145517024, -0.12483704841464523, -0.9889557100679693, -0.2714683711528778], [0.0, 0.0, 0.0, 1.0]], "file_path": "images/72.png"}, {"transform_matrix": [[0.9745719990163779, 0.17078147360787907, -0.14506242451283635, -0.039819635450839996], [9.608181158445755e-09, 0.6473845246223298, 0.7621635502170908, 0.20921388268470764], [0.22407458297009264, -0.7427832561062758, 0.6309228286525522, 0.17318832874298096], [0.0, 0.0, 0.0, 1.0]], "file_path": "images/73.png"}, {"transform_matrix": [[0.427828451055092, 0.23024497823550066, 0.8740423710925775, 0.23992463946342468], [4.354549304088814e-09, 0.9670108369528958, -0.2547352374832753, -0.06992483139038086], [-0.9038599540126785, 0.10898298588768127, 0.41371474752443227, 0.11356468498706818], [0.0, 0.0, 0.0, 1.0]], "file_path": "images/74.png"}, {"transform_matrix": [[0.9893029738180752, -0.12930037694326815, -0.06753546118182388, -0.018538489937782288], [8.878659799142348e-09, 0.4629668814137569, -0.8863755788118376, -0.2433101236820221], [0.14587537830186695, 0.8768939954386442, 0.4580145137099239, 0.1257249414920807], [0.0, 0.0, 0.0, 1.0]], "file_path": "images/75.png"}, {"transform_matrix": [[0.5653773036863473, -0.2320581288136959, -0.7915159690921227, -0.2172711342573166], [-1.6127876432212978e-08, 0.9596082270709875, -0.2813397421938041, -0.07722775638103485], [0.824832409933288, 0.15906311762681677, 0.542540708274026, 0.14892742037773132], [0.0, 0.0, 0.0, 1.0]], "file_path": "images/76.png"}, {"transform_matrix": [[-0.9052375269488712, -0.14368347405840043, -0.3998750793510401, -0.10976575314998627], [5.882080160526179e-08, 0.9410908764314933, -0.33815375540928183, -0.09282320737838745], [0.4249058952326835, -0.3061094927961444, -0.8519107691634137, -0.23384948074817657], [0.0, 0.0, 0.0, 1.0]], "file_path": "images/77.png"}, {"transform_matrix": [[-0.31958023266388325, 0.43981932324381245, -0.8393017560995883, -0.2303883284330368], [4.3475742689286057e-10, 0.8857512424452882, 0.46416024873595985, 0.12741200625896454], [0.9475592197274522, 0.1483364399194713, -0.28306858833420356, -0.07770231366157532], [0.0, 0.0, 0.0, 1.0]], "file_path": "images/78.png"}, {"transform_matrix": [[-0.9999294584047397, -0.007602616985058765, 0.009125701583020672, 0.002505047945305705], [-1.20321852810453e-07, 0.7683161297157929, 0.6400705623745949, 0.175699383020401], [-0.01187763505035291, 0.6400254096780246, -0.7682619323850995, -0.2108878791332245], [0.0, 0.0, 0.0, 1.0]], "file_path": "images/79.png"}, {"transform_matrix": [[0.8632349713674072, 0.2729099918328636, -0.4246710733804437, -0.11657219380140305], [5.585553324666527e-08, 0.8412620720608827, 0.5406275299240942, 0.14840225875377655], [0.5048023219125569, -0.4666886140346868, 0.7262068254444285, 0.19934378564357758], [0.0, 0.0, 0.0, 1.0]], "file_path": "images/80.png"}, {"transform_matrix": [[0.9817586820295978, 0.18403581872431993, 0.04775675539624512, 0.013109239749610424], [-5.080537551745355e-08, 0.2511780939488748, -0.9679408892696951, -0.2656997740268707], [-0.19013124482710603, 0.9502843693056726, 0.24659628381996265, 0.06769067049026489], [0.0, 0.0, 0.0, 1.0]], "file_path": "images/81.png"}, {"transform_matrix": [[-0.33943225607473343, -0.07994586560139483, 0.937226974702105, 0.2572688162326813], [1.2894094041678107e-08, 0.9963816516148049, 0.08499178975261895, 0.02333024889230728], [-0.9406305031924153, 0.028848967028253604, -0.3382040708882528, -0.09283698350191116], [0.0, 0.0, 0.0, 1.0]], "file_path": "images/82.png"}, {"transform_matrix": [[-0.9230330809071925, -0.12508528399022062, 0.36381809091915956, 0.0998680368065834], [-5.8912238044402177e-08, 0.9456684125114084, 0.32513267073327023, 0.0892489030957222], [-0.3847205889356229, 0.3001081893371763, -0.8728832356860733, -0.23960646986961365], [0.0, 0.0, 0.0, 1.0]], "file_path": "images/83.png"}, {"transform_matrix": [[-0.3919272686595751, -0.24277140864524294, 0.8873866458457945, 0.24358762800693512], [1.272171560363737e-08, 0.9645546800100131, 0.26388305984049243, 0.0724358931183815], [-0.9199962043840425, 0.10342297817789595, -0.3780352781206662, -0.10377070307731628], [0.0, 0.0, 0.0, 1.0]], "file_path": "images/84.png"}, {"transform_matrix": [[-0.35990004267791526, -0.2212561519310315, 0.906376121989711, 0.24880024790763855], [1.4530357882785723e-08, 0.9714737325865871, 0.23714718403195165, 0.0650968998670578], [-0.93299086773689, 0.0853492948240162, -0.34963343460345525, -0.09597435593605042], [0.0, 0.0, 0.0, 1.0]], "file_path": "images/85.png"}, {"transform_matrix": [[0.6433237473041009, 0.53617405376219, 0.5464905673722366, 0.15001167356967926], [5.5013560004993296e-08, 0.7138122345395078, -0.7003371286899698, -0.19224253296852112], [-0.7655942503406133, 0.4505435360694174, 0.4592123320986266, 0.1260537952184677], [0.0, 0.0, 0.0, 1.0]], "file_path": "images/86.png"}, {"transform_matrix": [[0.705968912641182, -0.6522508986734795, -0.2760011948594893, -0.0757623240351677], [-8.307085022314399e-08, 0.38969846558685756, -0.9209425095624818, -0.25279873609542847], [0.7082428216256204, 0.6501568050085205, 0.2751149478252542, 0.07551905512809753], [0.0, 0.0, 0.0, 1.0]], "file_path": "images/87.png"}, {"transform_matrix": [[0.7785028702867249, 0.0641529880088759, -0.6243538060145573, -0.17138512432575226], [7.04927178284992e-08, 0.9947625409565254, 0.10221294981416057, 0.028057469055056572], [0.6276410446706983, -0.07957311882319376, 0.7744254888660524, 0.21257980167865753], [0.0, 0.0, 0.0, 1.0]], "file_path": "images/88.png"}, {"transform_matrix": [[-0.06796994697747562, -0.574498985319917, 0.8156782467212573, 0.22390368580818176], [-8.846309020619914e-08, 0.8175689855454981, 0.5758306642356734, 0.15806549787521362], [-0.9976873690229173, 0.03913910755868499, -0.055570171419911656, -0.015254005789756775], [0.0, 0.0, 0.0, 1.0]], "file_path": "images/89.png"}, {"transform_matrix": [[-0.7612562256820787, 0.02215849144252855, -0.6480724960351791, -0.1778959482908249], [-3.679648336043151e-08, 0.9994159853775142, 0.03417145258678567, 0.009380060248076916], [0.6484512000607867, 0.02601325486907943, -0.7608116400994676, -0.20884275436401367], [0.0, 0.0, 0.0, 1.0]], "file_path": "images/90.png"}, {"transform_matrix": [[0.43137444722585744, 0.13538486975836575, -0.8919568505937361, -0.24484215676784515], [-3.29224834641648e-08, 0.988676087910187, 0.15006529643660893, 0.0411929190158844], [0.902172980243027, -0.06473430493269196, 0.4264896053648862, 0.11707139015197754], [0.0, 0.0, 0.0, 1.0]], "file_path": "images/91.png"}, {"transform_matrix": [[0.796515871341674, -0.45696368994754144, 0.3959124306842871, 0.10867798328399658], [2.6833118921922668e-08, 0.6548146027942746, 0.7557895447592371, 0.20746424794197083], [-0.604617620236801, -0.6019983571712658, 0.521570236173695, 0.14317099750041962], [0.0, 0.0, 0.0, 1.0]], "file_path": "images/92.png"}, {"transform_matrix": [[0.1337634008442333, 0.397114601478564, -0.9079688022653127, -0.24923743307590485], [5.7593615968843365e-08, 0.9162024394229065, 0.4007157221716068, 0.10999647527933121], [0.9910132958717467, -0.053601150062633524, 0.12255433128772474, 0.033641181886196136], [0.0, 0.0, 0.0, 1.0]], "file_path": "images/93.png"}, {"transform_matrix": [[0.6259191243992732, 0.3902191895581424, -0.6752438328573122, -0.18535441160202026], [3.617970570153818e-08, 0.8658215606634796, 0.5003529005514561, 0.13734686374664307], [0.7798879725391628, -0.31318047383392705, 0.5419342590184818, 0.14876097440719604], [0.0, 0.0, 0.0, 1.0]], "file_path": "images/94.png"}, {"transform_matrix": [[-0.01662026565467987, -0.6651658201538895, -0.7465106820860444, -0.20491716265678406], [-3.527771636000181e-08, 0.7466138093705857, -0.6652577092053434, -0.18261325359344482], [0.999861873845366, -0.011056733520624414, -0.012408943318722722, -0.0034062175545841455], [0.0, 0.0, 0.0, 1.0]], "file_path": "images/95.png"}, {"transform_matrix": [[0.0687052409654858, -0.7479523674548415, -0.6601869779710686, -0.18122132122516632], [-1.1898767206824908e-07, 0.6617506866932489, -0.7497239683116711, -0.20579923689365387], [0.9976370030546484, 0.051510044454565244, 0.04546565139122434, 0.012480323202908039], [0.0, 0.0, 0.0, 1.0]], "file_path": "images/96.png"}, {"transform_matrix": [[-0.15085858617027562, -0.2746804249994935, 0.9496274801735691, 0.26067274808883667], [-4.3330609196257875e-08, 0.9606214549400299, 0.2778604331474662, 0.07627268880605698], [-0.9885553535228582, 0.04191759094934988, -0.14491800643915626, -0.03977997973561287], [0.0, 0.0, 0.0, 1.0]], "file_path": "images/97.png"}, {"transform_matrix": [[-0.9737103709887462, 0.050826734589977204, -0.22204674390739987, -0.06095185875892639], [-2.6389884005875467e-08, 0.9747886358180691, 0.22313026571926003, 0.061249297112226486], [0.22778962537604236, 0.21726425967210602, -0.9491618028767141, -0.26054489612579346], [0.0, 0.0, 0.0, 1.0]], "file_path": "images/98.png"}, {"transform_matrix": [[-0.8738273046535495, -0.21448588332947427, -0.43637328916225854, -0.11978445202112198], [-3.097190728386081e-08, 0.897450903564758, -0.4411143567044705, -0.12108588963747025], [0.4862364050972654, -0.38545775584773884, -0.7842171107639219, -0.215267613530159], [0.0, 0.0, 0.0, 1.0]], "file_path": "images/99.png"}, {"transform_matrix": [[-0.9371637100704845, -0.002398950664056535, -0.3488816784565165, -0.09576796740293503], [-2.884223021526991e-08, 0.9999763608898362, -0.006875875327471581, -0.0018874185625463724], [0.34888992608976815, -0.00644381076934978, -0.9371415564234918, -0.25724539160728455], [0.0, 0.0, 0.0, 1.0]], "file_path": "images/100.png"}, {"transform_matrix": [[0.41578821300236807, 0.6863045389266214, 0.5967463797770498, 0.16380688548088074], [7.822042750319581e-08, 0.6561535328064277, -0.7546274189198521, -0.20714522898197174], [-0.9094614680833328, 0.31376523267303164, 0.2728208511777408, 0.07488931715488434], [0.0, 0.0, 0.0, 1.0]], "file_path": "images/101.png"}, {"transform_matrix": [[-0.5931595559757974, -0.627856179156761, -0.5039428136696346, -0.1383323073387146], [-8.611102858335799e-09, 0.6259498845154148, -0.7798632842204709, -0.21407248079776764], [0.8050849279141888, -0.46258335505053816, -0.37128816096879924, -0.10191856324672699], [0.0, 0.0, 0.0, 1.0]], "file_path": "images/102.png"}, {"transform_matrix": [[0.03294035824287642, -0.8534742582073269, 0.5200928987943252, 0.14276549220085144], [-1.6716394763888132e-08, 0.5203752960330361, 0.8539376741182755, 0.23440590500831604], [-0.9994573191481619, -0.028129021596622842, 0.017141334405058488, 0.004705309402197599], [0.0, 0.0, 0.0, 1.0]], "file_path": "images/103.png"}, {"transform_matrix": [[0.8415333854685245, -0.13424867635212254, 0.5232579230547653, 0.14363431930541992], [1.6544220139664443e-08, 0.9686282424671158, 0.24851424082950685, 0.06821718066930771], [-0.5402051102515444, -0.20913302176550086, 0.8151330063648186, 0.22375398874282837], [0.0, 0.0, 0.0, 1.0]], "file_path": "images/104.png"}, {"transform_matrix": [[-0.6795581319525432, -0.49516464916842634, -0.5413064894411291, -0.148588627576828], [2.025013634284869e-08, 0.7378550920915944, -0.6749591565972748, -0.18527626991271973], [0.7336216635958684, -0.45867399456303826, -0.501415418006284, -0.13763856887817383], [0.0, 0.0, 0.0, 1.0]], "file_path": "images/105.png"}, {"transform_matrix": [[-0.18166748661177343, -0.16040689184179885, 0.9701889266312076, 0.26631686091423035], [-6.386598277512193e-09, 0.9866060338117285, 0.16312122500242132, 0.04477677494287491], [-0.9833600176477387, 0.029633816763016522, -0.17923423946304146, -0.049199774861335754], [0.0, 0.0, 0.0, 1.0]], "file_path": "images/106.png"}, {"transform_matrix": [[0.5695096549509443, -0.3626031433050505, -0.7376840200132798, -0.20249424874782562], [5.0907374126705786e-08, 0.8974425973875292, -0.4411312552906701, -0.12109053134918213], [0.8219846427504917, 0.2512284714351102, 0.511102242435625, 0.14029757678508759], [0.0, 0.0, 0.0, 1.0]], "file_path": "images/107.png"}, {"transform_matrix": [[-0.5701459235910032, 0.2531485261465192, 0.7815685827375659, 0.21454057097434998], [7.965054621030626e-08, 0.9513417763638305, -0.30813767141475135, -0.08458380401134491], [-0.8215434412205819, -0.17568337500958, -0.5424036558990801, -0.14888980984687805], [0.0, 0.0, 0.0, 1.0]], "file_path": "images/108.png"}, {"transform_matrix": [[-0.8722831633162502, -0.11904495886654057, -0.4742893428735878, -0.13019244372844696], [-4.31321917739543e-09, 0.9699146620635739, -0.24344516490187879, -0.06682570278644562], [0.48900110735559277, -0.21235311648894303, -0.8460402300850931, -0.2322380244731903], [0.0, 0.0, 0.0, 1.0]], "file_path": "images/109.png"}, {"transform_matrix": [[-0.519086330008017, 0.5011499184338474, -0.692385832648644, -0.19005991518497467], [1.114336896779359e-07, 0.8100715975154618, 0.5863309704413842, 0.16094785928726196], [0.8547218155626986, 0.30435631446134925, -0.420497148443017, -0.1154264509677887], [0.0, 0.0, 0.0, 1.0]], "file_path": "images/110.png"}, {"transform_matrix": [[-0.8290484840236756, -0.3222275229000408, -0.45699894378843925, -0.12544618546962738], [-1.608454198892083e-08, 0.8172710523341775, -0.5762534399173559, -0.1581815630197525], [0.5591767262127825, -0.47774203342629346, -0.677557332156966, -0.18598951399326324], [0.0, 0.0, 0.0, 1.0]], "file_path": "images/111.png"}, {"transform_matrix": [[0.8670501607519727, 0.06605752391706618, -0.493822257774925, -0.1355542093515396], [3.9757650725207625e-08, 0.9911713848526211, 0.13258689923720102, 0.036395084112882614], [0.49822085337727157, -0.11495951193043366, 0.8593953059429287, 0.2359040081501007], [0.0, 0.0, 0.0, 1.0]], "file_path": "images/112.png"}, {"transform_matrix": [[0.6321077514729264, -0.1725278278286835, -0.7554296387834918, -0.20736542344093323], [-8.528060818658147e-09, 0.9748982414687736, -0.22265088991758494, -0.06111766770482063], [0.7748805008050214, 0.1407393598316006, 0.6162407338584088, 0.16915808618068695], [0.0, 0.0, 0.0, 1.0]], "file_path": "images/113.png"}, {"transform_matrix": [[0.28442979937375445, 0.33220564182765827, 0.8992992276022922, 0.2468576282262802], [-9.187636297471134e-09, 0.9380433548040586, -0.3465179136898218, -0.0951191708445549], [-0.9586968703548613, 0.0985600124077738, 0.26680748626298656, 0.07323866337537766], [0.0, 0.0, 0.0, 1.0]], "file_path": "images/114.png"}, {"transform_matrix": [[0.8269384938714933, 0.24694695875880862, -0.5051632675812063, -0.13866733014583588], [5.519442622912143e-08, 0.8983995873208348, 0.43917898572421554, 0.12055462598800659], [0.5622923859999733, -0.36317403687698957, 0.7429211880037666, 0.20393186807632446], [0.0, 0.0, 0.0, 1.0]], "file_path": "images/115.png"}, {"transform_matrix": [[0.618834274130684, 0.15066878357994826, 0.7709364816998142, 0.21162205934524536], [-3.988290181857032e-08, 0.9814326089019763, -0.19180728396976687, -0.05265110731124878], [-0.7855215726898579, 0.11869689060122467, 0.6073441421471464, 0.16671596467494965], [0.0, 0.0, 0.0, 1.0]], "file_path": "images/116.png"}, {"transform_matrix": [[-0.696746177045713, 0.3131209678658431, 0.6453681308020573, 0.1771535724401474], [6.047473396039923e-08, 0.8996963238830379, -0.43651635111567577, -0.11982374638319016], [-0.7173177571844852, -0.3041410598293253, -0.6268599931034956, -0.17207303643226624], [0.0, 0.0, 0.0, 1.0]], "file_path": "images/117.png"}, {"transform_matrix": [[0.9669875240021861, -0.14875763405707773, 0.20689682146872637, 0.05679317191243172], [6.974833241511414e-08, 0.8119215142262968, 0.5837666098163483, 0.1602439284324646], [-0.25482372029329725, -0.5644950141907524, 0.78511798510